-13.0100002	-41.3699989	2010	3	10
-13.0100002	-41.3699989	2010	10	19
-10.9700003	-39.6300011	2010	5	10
-10.9700003	-39.6300011	2010	10	15
-12.0600004	-41.3499985	2010	10	23
-11.7799997	-38.3499985	2010	9	27
-6.09000015	-35.2500000	2010	12	24
-11.8699999	-40.5200005	2010	11	21
-12.1800003	-43.2200012	2010	2	15
-13.0100002	-41.3699989	2010	3	1
-7.98999977	-36.5000000	2010	8	10
-12.7600002	-40.2099991	2010	1	24
-12.7600002	-40.2099991	2010	12	31
-9.40999985	-40.5000000	2010	2	27
-5.26000023	-36.7200012	2010	6	17
-8.30000019	-36.0000000	2010	10	17
-6.96999979	-42.1100006	2010	2	17
-9.75000000	-37.4500008	2010	6	24
-8.36999989	-36.5600014	2010	1	1
-11.1000004	-38.5099983	2010	4	19
-7.88000011	-35.4500008	2010	1	26
-12.0600004	-41.3499985	2010	2	5
-5.21999979	-41.7400017	2010	10	21
-6.76000023	-38.9599991	2010	3	18
-9.00000000	-36.0499992	2010	6	1
-9.17000008	-36.2200012	2010	6	6
-8.30000019	-36.0000000	2010	5	16
-8.30000019	-36.0000000	2010	5	21
-11.8699999	-40.5200005	2010	8	22
-5.21999979	-37.3600006	2010	5	18
-11.8699999	-40.5200005	2010	11	15
-4.42000008	-38.6699982	2010	11	24
-10.9700003	-39.6300011	2010	12	8
-11.8699999	-40.5200005	2010	12	26
-12.5900002	-39.5200005	2010	6	30
-13.0100002	-41.3699989	2010	10	31
-13.0100002	-41.3699989	2010	11	13
-13.0100002	-41.3699989	2010	11	18
-12.7700005	-41.5400009	2010	1	30
-12.7600002	-40.2099991	2010	12	20
-8.77000046	-38.9599991	2010	7	28
-12.7700005	-41.5400009	2010	6	27
-12.5900002	-39.5200005	2010	5	12
-10.3900003	-40.1100006	2010	7	2
-12.7700005	-41.5400009	2010	8	5
-12.5900002	-39.5200005	2010	6	3
-12.5900002	-39.5200005	2010	7	18
-9.75000000	-37.4500008	2010	7	25
-10.8000002	-40.3800011	2010	8	20
-11.4300003	-40.5999985	2010	9	4
-10.8000002	-40.3800011	2010	9	2
-11.5500002	-40.5999985	2010	1	4
-11.5500002	-40.5999985	2010	1	10
-7.53000021	-36.0000000	2010	4	6
-10.6499996	-39.7200012	2010	7	21
-10.6499996	-39.7200012	2010	8	3
-11.8699999	-40.5200005	2010	2	11
-11.5500002	-40.5999985	2010	5	14
-9.97000027	-37.0000000	2010	2	3
-11.5500002	-40.5999985	2010	6	9
-11.8699999	-40.5200005	2010	5	23
-11.5500002	-40.5999985	2010	8	24
-7.88000011	-35.4500008	2010	1	12
-9.63000011	-37.7599983	2010	4	27
-11.5500002	-40.5999985	2010	9	25
-7.88000011	-35.4500008	2010	5	26
-9.27999973	-37.9000015	2010	11	27
-7.98999977	-36.5000000	2010	3	15
-9.97000027	-37.0000000	2010	12	2
-12.1800003	-43.2200012	2010	2	9
-12.1800003	-43.2200012	2010	3	21
-3.67000008	-39.2400017	2010	4	2
-12.1800003	-43.2200012	2010	4	16
-6.96999979	-42.1100006	2010	3	30
-8.30000019	-36.0000000	2010	7	30
-8.30000019	-36.0000000	2010	8	1
-5.84999990	-35.5200005	2010	12	16
-12.0200005	-41.0499992	2010	8	31
-12.0200005	-41.0499992	2010	9	7
-4.65999985	-38.9399986	2010	4	30
-8.01000023	-35.7000008	2010	8	17
-6.46000004	-37.2999992	2010	1	15
-9.40999985	-40.5000000	2010	3	23
-11.7799997	-38.3499985	2010	4	10
-7.84999990	-35.7599983	2010	5	6
-9.11999989	-39.9399986	2010	2	24
-11.7799997	-38.3499985	2010	7	23
-7.84999990	-35.7599983	2010	8	27
-10.9700003	-39.6300011	2010	3	25
-10.9899998	-42.3400002	2010	3	8
-5.86999989	-37.3100014	2010	1	21
-11.2299995	-39.9700012	2010	7	5
-11.2299995	-39.9700012	2010	7	15
-7.96000004	-36.2000008	2010	3	28
-11.2299995	-39.9700012	2010	9	23
-11.1000004	-38.5099983	2010	7	8
-11.1000004	-38.5099983	2010	8	14
-11.1000004	-38.5099983	2010	9	19
-9.40999985	-40.5000000	2010	10	28
-10.9700003	-39.6300011	2010	9	14
-8.53999996	-38.1899986	2010	6	14
-10.9700003	-39.6300011	2010	10	13
-6.76000023	-38.9599991	2010	1	18
-9.97000027	-37.0000000	2010	9	17
-5.90000010	-38.6300011	2010	12	12
-7.23000002	-42.5400009	2010	4	24
-12.7700005	-41.5400009	2010	1	7
-13.0100002	-41.3699989	2011	7	15
-13.0100002	-41.3699989	2011	7	22
-13.0100002	-41.3699989	2011	8	14
-5.21999979	-41.7400017	2011	4	6
-10.9700003	-39.6300011	2011	4	14
-5.86999989	-37.3100014	2011	5	30
-10.9700003	-39.6300011	2011	8	8
-6.09000015	-35.2500000	2011	4	2
-10.9700003	-39.6300011	2011	8	25
-10.9700003	-39.6300011	2011	10	30
-10.9700003	-39.6300011	2011	12	30
-10.6499996	-39.7200012	2011	8	10
-11.5500002	-40.5999985	2011	4	11
-11.8699999	-40.5200005	2011	8	22
-11.8699999	-40.5200005	2011	9	26
-11.8699999	-40.5200005	2011	12	20
-13.0100002	-41.3699989	2011	1	16
-13.0100002	-41.3699989	2011	10	2
-13.0100002	-41.3699989	2011	10	4
-13.0100002	-41.3699989	2011	10	8
-13.0100002	-41.3699989	2011	10	15
-9.27999973	-37.9000015	2011	1	2
-9.27999973	-37.9000015	2011	11	11
-11.4300003	-40.5999985	2011	7	12
-11.4300003	-40.5999985	2011	7	19
-6.38000011	-39.2900009	2011	3	19
-12.0000000	-42.6300011	2011	11	3
-4.38000011	-38.8100014	2011	6	30
-9.68000031	-40.5999985	2011	6	8
-12.5900002	-39.5200005	2011	11	8
-5.84999990	-35.5200005	2011	2	21
-9.56000042	-40.6500015	2011	1	27
-13.0100002	-41.3699989	2011	11	22
-11.4300003	-40.5999985	2011	3	30
-10.9700003	-39.6300011	2011	11	5
-11.7799997	-38.3499985	2011	6	4
-11.1000004	-38.5099983	2011	5	11
-5.26000023	-36.7200012	2011	3	11
-4.65999985	-38.9399986	2011	1	6
-4.65999985	-38.9399986	2011	1	19
-12.7700005	-41.5400009	2011	5	7
-3.67000008	-39.2400017	2011	1	12
-8.30000019	-36.0000000	2011	5	9
-8.30000019	-36.0000000	2011	5	26
-10.6499996	-39.7200012	2011	9	14
-10.9700003	-39.6300011	2011	2	28
-11.8699999	-40.5200005	2011	7	5
-3.95000005	-39.4099998	2011	2	15
-10.6499996	-39.7200012	2011	11	1
-12.5900002	-39.5200005	2011	2	8
-11.8699999	-40.5200005	2011	9	8
-11.0600004	-38.8400002	2011	7	25
-11.3400002	-43.8300018	2011	2	12
-6.76000023	-38.9599991	2011	5	21
-6.76000023	-38.9599991	2011	6	16
-6.76000023	-38.9599991	2011	6	23
-4.38000011	-38.8100014	2011	6	28
-12.7700005	-41.5400009	2011	2	4
-6.38000011	-39.2900009	2011	3	26
-12.7700005	-41.5400009	2011	2	24
-12.7700005	-41.5400009	2011	5	2
-12.5900002	-39.5200005	2011	1	4
-12.7600002	-40.2099991	2011	7	31
-9.97000027	-37.0000000	2011	6	19
-12.5900002	-39.5200005	2011	5	13
-12.7600002	-40.2099991	2011	12	13
-11.5600004	-43.2799988	2011	3	15
-8.61999989	-39.2400017	2011	4	21
-8.60999966	-38.5800018	2011	2	6
-12.5900002	-39.5200005	2011	10	28
-12.5900002	-39.5200005	2011	11	15
-8.61999989	-39.2400017	2011	5	23
-11.4300003	-40.5999985	2011	7	3
-9.27999973	-37.9000015	2011	1	14
-9.27999973	-37.9000015	2011	1	23
-9.68000031	-40.5999985	2011	7	29
-11.5500002	-40.5999985	2011	10	18
-11.5500002	-40.5999985	2011	10	21
-11.8699999	-40.5200005	2011	11	18
-7.98999977	-36.5000000	2011	6	14
-5.26000023	-36.7200012	2011	3	22
-5.26000023	-36.7200012	2011	5	16
-5.21999979	-41.7400017	2011	3	4
-3.67000008	-39.2400017	2011	4	27
-13.0100002	-41.3699989	2011	12	16
-13.0100002	-41.3699989	2011	12	18
-12.0200005	-41.0499992	2011	2	2
-12.1800003	-43.2200012	2011	4	30
-12.0200005	-41.0499992	2011	4	8
-12.0200005	-41.0499992	2011	4	25
-12.0200005	-41.0499992	2011	9	17
-5.21999979	-37.3600006	2011	5	18
-6.46000004	-37.2999992	2011	3	6
-9.97000027	-37.0000000	2011	2	18
-8.53999996	-38.1899986	2011	6	2
-9.00000000	-36.0499992	2011	4	17