;937013;-9.39;-37.99;1964;6;15;0.3;
;937013;-9.63;-37.76;1972;6;2;0.3;
;937013;-9.63;-37.76;1973;6;22;0.2;
;937013;-9.97;-37.00;1973;6;27;0.2;
;937013;-9.97;-37.00;1974;6;26;0.2;
;937013;-9.97;-37.00;1975;6;6;0.3;
;937013;-7.53;-36.00;1975;6;14;0.2;
;937013;-9.28;-37.90;1975;6;19;0.2;
;937013;-9.11;-37.13;1979;6;3;0.3;
;937013;-8.92;-37.83;1979;6;8;0.3;
;937013;-9.11;-37.13;1979;6;29;0.3;
;937013;-9.11;-37.13;1981;6;13;0.1;
;937013;-9.11;-37.13;1983;6;4;0.2;
;937013;-9.75;-37.45;1984;6;19;0.1;
;937013;-9.97;-37.00;1986;6;4;0.3;
;937013;-8.01;-35.70;1987;6;11;0.2;
;937013;-7.85;-35.76;1989;6;7;0.3;
;937013;-7.85;-35.76;1989;6;21;0.3;
;937013;-9.75;-37.45;1992;6;28;0.3;
;937013;-9.17;-36.22;1993;6;22;0.3;
;937013;-5.22;-37.36;1994;6;18;0.3;
;937013;-8.19;-36.71;1994;6;26;0.2;
;937013;-7.91;-35.99;1995;6;7;0.3;
;937013;-7.91;-35.99;1995;6;22;0.3;
;937013;-8.19;-36.71;1996;6;29;0.2;
;937013;-7.85;-35.76;1998;6;6;0.2;
;937013;-7.91;-35.99;1998;6;27;0.2;
;937013;-9.28;-37.90;1999;6;12;0.2;
;937013;-10.48;-37.07;1999;6;23;0.3;
;937013;-5.22;-37.36;2000;6;9;0.3;
;937013;-9.75;-37.45;2000;6;18;0.2;
;937013;-7.96;-36.20;2001;6;3;0.1;
;937013;-8.19;-36.71;2001;6;10;0.2;
;937013;-5.26;-36.72;2001;6;18;0.2;
;937013;-9.37;-37.25;2002;6;2;0.2;
;937013;-8.01;-35.70;2002;6;11;0.2;
;937013;-8.01;-35.70;2002;6;19;0.2;
;937013;-9.75;-37.45;2003;6;7;0.3;
;937013;-7.85;-35.76;2003;6;25;0.2;
;937013;-7.91;-35.99;2004;6;3;0.2;
;937013;-10.48;-37.07;2004;6;8;0.3;
;937013;-10.48;-37.07;2004;6;24;0.2;
;937013;-5.85;-35.52;2006;6;15;0.2;
;937013;-5.22;-37.36;2006;6;27;0.3;
;937013;-7.88;-35.45;2007;6;14;0.3;
;937013;-8.19;-36.71;2008;6;21;0.2;
;937013;-9.97;-37.00;2009;6;2;0.2;
;937013;-5.85;-35.52;2009;6;12;0.3;
;937013;-5.26;-36.72;2011;6;19;0.3;
;937013;-9.63;-37.76;1962;7;19;0.3;
;937013;-9.39;-37.99;1967;7;4;0.2;
;937013;-7.53;-36.00;1976;7;1;0.2;
;937013;-9.11;-37.13;1980;7;8;0.3;
;937013;-8.37;-36.56;1980;7;22;0.3;
;937013;-9.11;-37.13;1981;7;9;0.1;
;937013;-9.11;-37.13;1981;7;19;0.1;
;937013;-9.11;-37.13;1984;7;9;0.2;
;937013;-9.37;-37.25;1985;7;28;0.3;
;937013;-10.48;-37.07;1986;7;14;0.3;
;937013;-8.01;-35.70;1986;7;19;0.1;
;937013;-10.48;-37.07;1986;7;30;0.3;
;937013;-9.37;-37.25;1987;7;3;0.2;
;937013;-9.75;-37.45;1987;7;21;0.2;
;937013;-7.85;-35.76;1988;7;29;0.3;
;937013;-7.91;-35.99;1989;7;20;0.2;
;937013;-8.19;-36.71;1990;7;30;0.2;
;937013;-7.85;-35.76;1991;7;1;0.3;
;937013;-10.48;-37.07;1991;7;7;0.3;
;937013;-10.48;-37.07;1991;7;20;0.3;
;937013;-7.85;-35.76;1991;7;26;0.3;
;937013;-9.97;-37.00;1992;7;15;0.2;
;937013;-9.75;-37.45;1993;7;10;0.3;
;937013;-8.19;-36.71;1993;7;19;0.2;
;937013;-9.11;-37.13;1993;7;26;0.2;
;937013;-5.22;-37.36;1994;7;15;0.3;
;937013;-9.75;-37.45;1994;7;30;0.3;
;937013;-7.53;-36.00;1995;7;28;0.3;
;937013;-10.48;-37.07;1996;7;25;0.3;
;937013;-8.19;-36.71;1997;7;24;0.3;
;937013;-8.19;-36.71;1997;7;30;0.3;
;937013;-8.3;-36.00;1998;7;24;0.2;
;937013;-5.29;-37.29;1999;7;8;0.2;
;937013;-7.85;-35.76;1999;7;17;0.2;
;937013;-9.37;-37.25;1999;7;28;0.3;
;937013;-9;-36.05;2001;7;14;0.3;
;937013;-9;-36.05;2001;7;24;0.3;
;937013;-7.53;-36.00;2001;7;31;0.2;
;937013;-8.01;-35.70;2002;7;2;0.2;
;937013;-9.37;-37.25;2002;7;14;0.3;
;937013;-5.26;-36.72;2002;7;25;0.2;
;937013;-7.91;-35.99;2004;7;10;0.1;
;937013;-10.48;-37.07;2004;7;19;0.2;
;937013;-7.91;-35.99;2005;7;5;0.2;
;937013;-7.91;-35.99;2005;7;20;0.2;
;937013;-5.22;-37.36;2006;7;7;0.3;
;937013;-5.85;-35.52;2006;7;15;0.2;
;937013;-9.63;-37.76;2006;7;25;0.3;
;937013;-7.88;-35.45;2007;7;4;0.3;
;937013;-8.3;-36.00;2007;7;9;0.3;
;937013;-5.22;-37.36;2007;7;14;0.3;
;937013;-5.22;-37.36;2007;7;23;0.3;
;937013;-8.19;-36.71;2008;7;22;0.2;
;937013;-7.53;-36.00;2008;7;29;0.2;
;937013;-5.85;-35.52;2009;7;4;0.3;
;937013;-8.01;-35.70;2010;7;10;0.3;
;937013;-9.75;-37.45;2010;7;26;0.3;
;937013;-9.39;-37.99;1964;8;25;0.1;
;937013;-9.97;-37.00;1974;8;12;0.2;
;937013;-7.53;-36.00;1975;8;13;0.2;
;937013;-9.11;-37.13;1979;8;29;0.2;
;937013;-8.37;-36.56;1980;8;7;0.3;
;937013;-9.75;-37.45;1981;8;1;0.1;
;937013;-9.75;-37.45;1981;8;12;0.3;
;937013;-9.11;-37.13;1981;8;28;0.1;
;937013;-9.37;-37.25;1982;8;19;0.1;
;937013;-9.37;-37.25;1983;8;17;0.2;
;937013;-6.24;-35.99;1984;8;13;0.3;
;937013;-9.11;-37.13;1985;8;12;0.2;
;937013;-9.37;-37.25;1985;8;20;0.1;
;937013;-9.11;-37.13;1985;8;26;0.2;
;937013;-9.75;-37.45;1986;8;5;0.3;
;937013;-10.48;-37.07;1986;8;20;0.3;
;937013;-8.01;-35.70;1987;8;22;0.2;
;937013;-8.01;-35.70;1987;8;30;0.2;
;937013;-8.01;-35.70;1989;8;12;0.3;
;937013;-9.63;-37.76;1989;8;29;0.2;
;937013;-7.85;-35.76;1990;8;4;0.2;
;937013;-7.85;-35.76;1991;8;5;0.3;
;937013;-10.48;-37.07;1994;8;25;0.3;
;937013;-9.37;-37.25;1995;8;6;0.2;
;937013;-8.01;-35.70;1996;8;1;0.2;
;937013;-9.37;-37.25;1996;8;16;0.2;
;937013;-8.19;-36.71;1997;8;12;0.3;
;937013;-8.19;-36.71;1997;8;29;0.3;
;937013;-9.37;-37.25;1998;8;1;0.3;
;937013;-9.37;-37.25;1998;8;23;0.3;
;937013;-7.85;-35.76;1999;8;7;0.2;
;937013;-6.09;-35.25;1999;8;12;0.3;
;937013;-6.09;-35.25;1999;8;25;0.3;
;937013;-9;-36.05;2000;8;4;0.2;
;937013;-7.53;-36.00;2001;8;9;0.2;
;937013;-7.53;-36.00;2002;8;9;0.2;
;937013;-8.19;-36.71;2002;8;22;0.2;
;937013;-8.19;-36.71;2002;8;29;0.2;
;937013;-7.22;-36.83;2003;8;18;0.3;
;937013;-9.37;-37.25;2004;8;21;0.2;
;937013;-7.85;-35.76;2004;8;28;0.2;
;937013;-7.91;-35.99;2005;8;9;0.2;
;937013;-7.22;-36.83;2005;8;22;0.3;
;937013;-9.37;-37.25;2006;8;7;0.2;
;937013;-5.85;-35.52;2006;8;25;0.2;
;937013;-9.97;-37.00;2007;8;6;0.2;
;937013;-7.88;-35.45;2008;8;13;0.3;
;937013;-5.85;-35.52;2009;8;16;0.3;
;937013;-8.01;-35.70;2010;8;12;0.3;
;937013;-7.85;-35.76;2010;8;19;0.3;
;937013;-7.85;-35.76;2010;8;30;0.3;