;1243011;-12,18;-43,22;1961;1;3;45,40;
;1642007;-16,68;-42,49;1961;1;7;41,40;
;1444001;-14,43;-44,48;1961;1;13;56,00;
;1641001;-16,57;-41,50;1961;1;25;63,30;
;1443001;-14,76;-43,93;1961;2;15;44,70;
;1243011;-12,18;-43,22;1961;2;27;50,50;
;1640000;-16,14;-40,29;1961;3;4;42,00;
;1243011;-12,18;-43,22;1961;11;26;50,50;
;1240012;-12,99;-40,96;1961;12;9;98,30;
;1243011;-12,18;-43,22;1961;12;24;51,20;
;1243011;-12,18;-43,22;1962;1;3;45,40;
;1443001;-14,76;-43,93;1962;1;8;55,90;
;1241017;-12,50;-41,30;1962;1;14;46,40;
;1443001;-14,76;-43,93;1962;1;17;42,00;
;1243011;-12,18;-43,22;1962;1;25;55,30;
;1444001;-14,43;-44,48;1962;1;30;45,20;
;1443001;-14,76;-43,93;1962;2;3;44,50;
;1243011;-12,18;-43,22;1962;2;27;50,50;
;1641001;-16,57;-41,50;1962;3;7;62,20;
;1444000;-14,31;-44,46;1962;11;10;67,00;
;1240016;-12,76;-40,21;1962;11;12;45,00;
;1641001;-16,57;-41,50;1962;11;23;56,20;
;1444001;-14,43;-44,48;1962;11;25;63,00;
;1444001;-14,43;-44,48;1962;12;11;51,40;
;1640000;-16,14;-40,29;1962;12;14;125,00;
;1641001;-16,57;-41,50;1962;12;23;43,60;
;1240012;-12,99;-40,96;1962;12;26;46,00;
;1444000;-14,31;-44,46;1963;1;5;58,20;
;1543002;-15,34;-43,68;1963;1;8;43,80;
;1443001;-14,76;-43,93;1963;2;9;64,40;
;1243000;-12,87;-43,38;1963;11;13;173,40;
;1543002;-15,34;-43,68;1963;11;17;82,30;
;1243000;-12,87;-43,38;1963;12;15;126,00;
;1239007;-12,59;-39,52;1963;12;19;108,10;
;1240016;-12,76;-40,21;1963;12;22;79,20;
;1241008;-12,80;-41,33;1963;12;31;60,20;
;1444000;-14,31;-44,46;1964;1;5;55,40;
;1444000;-14,31;-44,46;1964;1;8;79,30;
;1241008;-12,80;-41,33;1964;1;12;73,60;
;1240016;-12,76;-40,21;1964;1;15;88,00;
;1240016;-12,76;-40,21;1964;1;20;100,40;
;1444001;-14,43;-44,48;1964;1;26;52,70;
;1241008;-12,80;-41,33;1964;1;28;120,70;
;1641001;-16,57;-41,50;1964;1;30;55,20;
;1241017;-12,50;-41,30;1964;2;7;113,00;
;1640000;-16,14;-40,29;1964;2;23;100,00;
;1444001;-14,43;-44,48;1964;3;18;44,70;
;1443001;-14,76;-43,93;1964;3;30;46,50;
;1640000;-16,14;-40,29;1964;11;3;150,00;
;1641002;-16,43;-41,01;1964;11;5;100,00;
;1543002;-15,34;-43,68;1964;11;9;105,00;
;1640000;-16,14;-40,29;1964;11;12;45,00;
;1641001;-16,57;-41,50;1964;11;16;59,40;
;1641002;-16,43;-41,01;1964;11;20;62,00;
;1241008;-12,80;-41,33;1964;11;25;166,20;
;1240016;-12,76;-40,21;1964;11;27;90,50;
;1444004;-14,27;-44,16;1964;12;3;54,60;
;1241008;-12,80;-41,33;1964;12;7;119,40;
;1443001;-14,76;-43,93;1964;12;10;63,50;
;1640000;-16,14;-40,29;1964;12;28;87,40;
;1444004;-14,27;-44,16;1965;1;25;43,30;
;1240016;-12,76;-40,21;1965;2;7;71,00;
;1641001;-16,57;-41,50;1965;2;9;56,60;
;1641002;-16,43;-41,01;1965;2;20;102,00;
;1543002;-15,34;-43,68;1965;3;12;53,40;
;1641001;-16,57;-41,50;1965;3;27;72,60;
;1641001;-16,57;-41,50;1965;11;1;53,20;
;1444000;-14,31;-44,46;1965;11;11;46,40;
;1444004;-14,27;-44,16;1965;11;17;58,50;
;1444004;-14,27;-44,16;1965;11;20;110,10;
;1641001;-16,57;-41,50;1965;11;23;48,20;
;1444000;-14,31;-44,46;1965;11;26;42,00;
;1444001;-14,43;-44,48;1965;12;6;48,50;
;1241017;-12,50;-41,30;1966;1;5;56,50;
;1444004;-14,27;-44,16;1966;1;13;47,00;
;1241017;-12,50;-41,30;1966;1;28;114,00;
;1444004;-14,27;-44,16;1966;2;1;104,50;
;1444004;-14,27;-44,16;1966;2;5;56,20;
;1243011;-12,18;-43,22;1966;3;3;54,50;
;1642007;-16,68;-42,49;1966;3;8;111,60;
;1641002;-16,43;-41,01;1966;11;19;50,00;
;1240012;-12,99;-40,96;1966;11;23;60,20;
;1243011;-12,18;-43,22;1966;11;29;79,50;
;1543002;-15,34;-43,68;1966;12;13;44,40;
;1241008;-12,80;-41,33;1966;12;18;107,60;
;1444000;-14,31;-44,46;1966;12;22;48,20;
;1444001;-14,43;-44,48;1966;12;24;106,80;
;1241008;-12,80;-41,33;1966;12;27;50,10;
;1543002;-15,34;-43,68;1966;12;30;59,50;
;1241017;-12,50;-41,30;1967;1;19;71,30;
;1641001;-16,57;-41,50;1967;1;28;52,60;
;1241017;-12,50;-41,30;1967;2;16;65,50;
;1444003;-14,75;-44,41;1967;3;17;98,00;
;1240012;-12,99;-40,96;1967;3;21;122,50;
;1444004;-14,27;-44,16;1967;11;4;53,30;
;1241017;-12,50;-41,30;1967;11;6;99,00;
;1241008;-12,80;-41,33;1967;11;9;180,60;
;1543002;-15,34;-43,68;1967;11;29;50,00;
;1240012;-12,99;-40,96;1967;12;2;72,00;
;1241008;-12,80;-41,33;1967;12;13;133,00;
;1241017;-12,50;-41,30;1967;12;22;61,10;
;1240016;-12,76;-40,21;1967;12;25;82,00;
;1543002;-15,34;-43,68;1967;12;27;103,20;
;1543002;-15,34;-43,68;1967;12;31;42,00;
;1241008;-12,80;-41,33;1968;1;31;79,80;
;1444004;-14,27;-44,16;1968;2;2;91,20;
;1444000;-14,31;-44,46;1968;2;7;63,50;
;1444004;-14,27;-44,16;1968;2;19;72,80;
;1240012;-12,99;-40,96;1968;2;22;112,40;
;1241008;-12,80;-41,33;1968;2;25;50,80;
;1444004;-14,27;-44,16;1968;3;2;176,80;
;1641001;-16,57;-41,50;1968;11;11;92,20;
;1443001;-14,76;-43,93;1968;11;16;67,00;
;1444000;-14,31;-44,46;1968;11;20;130,40;
;1443001;-14,76;-43,93;1968;11;25;92,40;
;1444001;-14,43;-44,48;1968;12;2;49,40;
;1240016;-12,76;-40,21;1968;12;8;60,00;
;1241017;-12,50;-41,30;1968;12;11;71,60;
;1642007;-16,68;-42,49;1968;12;16;57,70;
;1240016;-12,76;-40,21;1968;12;22;42,80;
;1641002;-16,43;-41,01;1969;1;20;71,00;
;1444000;-14,31;-44,46;1969;1;23;73,20;
;1241017;-12,50;-41,30;1969;1;26;77,80;
;1444004;-14,27;-44,16;1969;2;9;61,20;
;1241008;-12,80;-41,33;1969;2;13;61,20;
;1241008;-12,80;-41,33;1969;2;21;52,80;
;1444003;-14,75;-44,41;1969;3;10;53,30;
;1241017;-12,50;-41,30;1969;3;14;47,40;
;1239007;-12,59;-39,52;1969;3;19;75,00;
;1543002;-15,34;-43,68;1969;11;4;43,00;
;1243011;-12,18;-43,22;1969;11;25;60,20;
;1640000;-16,14;-40,29;1969;11;27;61,10;
;1640000;-16,14;-40,29;1969;11;30;58,00;
;1444001;-14,43;-44,48;1969;12;5;80,00;
;1241008;-12,80;-41,33;1969;12;17;137,40;
;1543002;-15,34;-43,68;1969;12;25;45,20;
;1641002;-16,43;-41,01;1969;12;27;57,50;
;1444005;-14,28;-44,41;1970;1;2;47,00;
;1241008;-12,80;-41,33;1970;1;13;70,20;
;1241008;-12,80;-41,33;1970;1;24;104,00;
;1240012;-12,99;-40,96;1970;1;26;102,30;
;1640000;-16,14;-40,29;1970;1;28;114,00;
;1243011;-12,18;-43,22;1970;2;20;50,50;
;1444004;-14,27;-44,16;1970;2;27;46,40;
;1443001;-14,76;-43,93;1970;11;10;106,00;
;1243011;-12,18;-43,22;1970;11;17;63,20;
;1443001;-14,76;-43,93;1970;11;22;86,00;
;1444001;-14,43;-44,48;1970;11;24;90,00;
;1241001;-12,93;-41,07;1970;12;6;110,00;
;1640000;-16,14;-40,29;1970;12;18;61,00;
;1640000;-16,14;-40,29;1971;1;17;45,00;
;1444003;-14,75;-44,41;1971;1;19;50,00;
;1243011;-12,18;-43,22;1971;2;7;43,20;
;1241017;-12,50;-41,30;1971;2;15;79,30;
;1443001;-14,76;-43,93;1971;11;14;97,00;
;1444001;-14,43;-44,48;1971;11;20;70,00;
;1641002;-16,43;-41,01;1971;11;24;49,30;
;1641001;-16,57;-41,50;1971;12;10;42,60;
;1641002;-16,43;-41,01;1971;12;17;49,30;
;1444001;-14,43;-44,48;1971;12;23;114,60;
;1443001;-14,76;-43,93;1972;1;20;85,00;
;1444004;-14,27;-44,16;1972;2;15;43,40;
;1444000;-14,31;-44,46;1972;3;1;71,60;
;1240012;-12,99;-40,96;1972;3;21;90,10;
;1444003;-14,75;-44,41;1972;11;11;47,00;
;1242016;-12,25;-42,76;1972;11;17;47,00;
;1444004;-14,27;-44,16;1972;11;22;52,00;
;1444000;-14,31;-44,46;1972;11;27;45,10;
;1240016;-12,76;-40,21;1972;12;8;47,60;
;1544017;-15,60;-44,39;1972;12;12;45,80;
;1444001;-14,43;-44,48;1972;12;14;70,00;
;1444005;-14,28;-44,41;1972;12;18;56,80;
;1241008;-12,80;-41,33;1972;12;23;165,20;
;1243011;-12,18;-43,22;1973;1;15;42,00;
;1241008;-12,80;-41,33;1973;1;18;44,40;
;1544017;-15,60;-44,39;1973;2;2;106,20;
;1241017;-12,50;-41,30;1973;2;13;77,80;
;1544017;-15,60;-44,39;1973;3;2;58,20;
;1640000;-16,14;-40,29;1973;3;7;42,10;
;1243011;-12,18;-43,22;1973;3;9;45,20;
;1240016;-12,76;-40,21;1973;3;11;92,10;
;1241008;-12,80;-41,33;1973;3;15;77,80;
;1544017;-15,60;-44,39;1973;3;26;50,70;
;1544017;-15,60;-44,39;1973;3;29;85,20;
;1243011;-12,18;-43,22;1973;11;7;42,20;
;1243000;-12,87;-43,38;1973;11;19;63,60;
;1641001;-16,57;-41,50;1973;11;30;112,70;
;1243011;-12,18;-43,22;1973;12;26;43,50;
;1641002;-16,43;-41,01;1973;12;29;58,00;
;1642007;-16,68;-42,49;1974;1;4;45,10;
;1641001;-16,57;-41,50;1974;1;6;43,40;
;1641002;-16,43;-41,01;1974;1;24;56,60;
;1444000;-14,31;-44,46;1974;2;10;121,20;
;1444003;-14,75;-44,41;1974;3;13;67,30;
;1443001;-14,76;-43,93;1974;3;21;58,40;
;1641002;-16,43;-41,01;1974;3;23;119,00;
;1444005;-14,28;-44,41;1974;3;25;99,40;
;1641001;-16,57;-41,50;1974;3;28;52,70;
;1641001;-16,57;-41,50;1974;3;31;52,70;
;1241017;-12,50;-41,30;1974;11;1;133,40;
;1544017;-15,60;-44,39;1974;11;5;68,40;
;1242016;-12,25;-42,76;1974;11;10;66,30;
;1240012;-12,99;-40,96;1974;11;16;61,30;
;1443001;-14,76;-43,93;1974;12;7;67,00;
;1640000;-16,14;-40,29;1974;12;12;44,30;
;1444005;-14,28;-44,41;1974;12;26;47,60;
;1543002;-15,34;-43,68;1975;1;3;57,40;
;1241017;-12,50;-41,30;1975;1;20;112,60;
;1241008;-12,80;-41,33;1975;1;26;56,20;
;1241017;-12,50;-41,30;1975;2;1;59,10;
;1544017;-15,60;-44,39;1975;2;4;48,20;
;1241017;-12,50;-41,30;1975;2;12;42,00;
;1241001;-12,93;-41,07;1975;3;25;71,60;
;1443001;-14,76;-43,93;1975;11;2;54,40;
;1444001;-14,43;-44,48;1975;11;15;42,20;
;1444001;-14,43;-44,48;1975;11;28;75,00;
;1444003;-14,75;-44,41;1975;12;16;107,70;
;1241017;-12,50;-41,30;1976;2;11;50,20;
;1444001;-14,43;-44,48;1976;2;14;47,80;
;1444000;-14,31;-44,46;1976;2;16;60,20;
;1543013;-15,78;-43,28;1976;2;24;54,20;
;1444003;-14,75;-44,41;1976;3;24;50,00;
;1444005;-14,28;-44,41;1976;3;27;45,60;
;1444005;-14,28;-44,41;1976;11;5;64,00;
;1641001;-16,57;-41,50;1976;11;8;59,30;
;1444005;-14,28;-44,41;1976;11;10;100,00;
;1241008;-12,80;-41,33;1976;11;14;70,00;
;1240012;-12,99;-40,96;1976;11;17;49,40;
;1544018;-15,02;-44,05;1976;11;20;75,00;
;1241017;-12,50;-41,30;1976;11;30;50,60;
;1544018;-15,02;-44,05;1976;12;3;61,00;
;1444000;-14,31;-44,46;1976;12;18;47,20;
;1641001;-16,57;-41,50;1976;12;23;42,40;
;1444005;-14,28;-44,41;1977;1;19;82,60;
;1241008;-12,80;-41,33;1977;1;24;87,60;
;1641001;-16,57;-41,50;1977;1;27;61,20;
;1444001;-14,43;-44,48;1977;1;30;60,20;
;1641001;-16,57;-41,50;1977;2;15;42,00;
;1544017;-15,60;-44,39;1977;11;7;98,40;
;1241027;-12,06;-41,35;1977;11;19;65,90;
;1243011;-12,18;-43,22;1977;11;28;79,50;
;1241017;-12,50;-41,30;1977;12;15;131,30;
;1444003;-14,75;-44,41;1977;12;25;107,30;
;1241017;-12,50;-41,30;1977;12;27;117,00;
;1240012;-12,99;-40,96;1977;12;30;54,70;
;1643020;-16,32;-43,72;1978;1;3;54,10;
;1241001;-12,93;-41,07;1978;1;10;63,20;
;1544017;-15,60;-44,39;1978;1;15;53,40;
;1241001;-12,93;-41,07;1978;2;3;54,60;
;1241017;-12,50;-41,30;1978;2;8;108,50;
;1241008;-12,80;-41,33;1978;2;12;166,20;
;1240012;-12,99;-40,96;1978;2;15;58,50;
;1544019;-15,93;-44,00;1978;2;21;47,90;
;1241008;-12,80;-41,33;1978;3;4;49,30;
;1243011;-12,18;-43,22;1978;3;6;98,20;
;1240012;-12,99;-40,96;1978;3;12;65,50;
;1240016;-12,76;-40,21;1978;3;17;44,90;
;1243000;-12,87;-43,38;1978;3;31;75,00;
;1641002;-16,43;-41,01;1978;11;7;70,00;
;1544019;-15,93;-44,00;1978;11;14;43,30;
;1444005;-14,28;-44,41;1978;11;29;52,20;
;1241017;-12,50;-41,30;1978;12;2;62,20;
;1544018;-15,02;-44,05;1978;12;13;50,00;
;1243011;-12,18;-43,22;1978;12;17;42,30;
;1444000;-14,31;-44,46;1978;12;20;58,00;
;1543002;-15,34;-43,68;1979;1;7;82,00;
;1241001;-12,93;-41,07;1979;1;9;105,40;
;1643020;-16,32;-43,72;1979;1;15;117,30;
;1544019;-15,93;-44,00;1979;1;17;137,60;
;1241008;-12,80;-41,33;1979;2;2;91,20;
;1241008;-12,80;-41,33;1979;2;4;99,40;
;1444005;-14,28;-44,41;1979;2;9;53,80;
;1444004;-14,27;-44,16;1979;2;19;110,30;
;1444001;-14,43;-44,48;1979;3;17;43,80;
;1444005;-14,28;-44,41;1979;3;30;56,60;
;1444005;-14,28;-44,41;1979;11;2;51,40;
;1544019;-15,93;-44,00;1979;11;6;55,20;
;1241001;-12,93;-41,07;1979;11;12;63,20;
;1243000;-12,87;-43,38;1979;11;20;58,00;
;1241027;-12,06;-41,35;1979;11;22;49,40;
;1444005;-14,28;-44,41;1979;11;26;89,60;
;1241027;-12,06;-41,35;1979;11;28;44,20;
;1642007;-16,68;-42,49;1979;12;8;63,10;
;1241008;-12,80;-41,33;1979;12;20;55,40;
;1443001;-14,76;-43,93;1979;12;24;48,00;
;1243011;-12,18;-43,22;1979;12;26;49,40;
;1643020;-16,32;-43,72;1980;1;3;70,20;
;1444003;-14,75;-44,41;1980;1;6;54,00;
;1544018;-15,02;-44,05;1980;1;9;46,00;
;1444001;-14,43;-44,48;1980;1;13;76,80;
;1444004;-14,27;-44,16;1980;1;15;58,60;
;1241008;-12,80;-41,33;1980;2;1;72,80;
;1641002;-16,43;-41,01;1980;2;3;113,30;
;1243000;-12,87;-43,38;1980;2;7;50,00;
;1241017;-12,50;-41,30;1980;2;10;66,00;
;1240012;-12,99;-40,96;1980;2;18;44,40;
;1241001;-12,93;-41,07;1980;2;22;63,40;
;1543013;-15,78;-43,28;1980;11;10;55,10;
;1241008;-12,80;-41,33;1980;11;26;80,20;
;1641002;-16,43;-41,01;1980;11;29;54,00;
;1241008;-12,80;-41,33;1980;12;3;68,20;
;1243011;-12,18;-43,22;1980;12;11;87,00;
;1240016;-12,76;-40,21;1980;12;17;63,90;
;1444005;-14,28;-44,41;1981;1;1;88,80;
;1444004;-14,27;-44,16;1981;1;12;41,80;
;1444003;-14,75;-44,41;1981;1;21;50,90;
;1243011;-12,18;-43,22;1981;1;31;45,20;
;1240016;-12,76;-40,21;1981;3;11;77,00;
;1243000;-12,87;-43,38;1981;3;14;73,30;
;1241001;-12,93;-41,07;1981;3;18;63,20;
;1241017;-12,50;-41,30;1981;3;20;89,00;
;1444001;-14,43;-44,48;1981;3;22;115,00;
;1241001;-12,93;-41,07;1981;3;25;105,40;
;1444001;-14,43;-44,48;1981;3;27;113,00;
;1544018;-15,02;-44,05;1981;3;29;88,00;
;1242016;-12,25;-42,76;1981;11;7;71,20;
;1444001;-14,43;-44,48;1981;11;17;41,40;
;1444004;-14,27;-44,16;1981;11;20;58,00;
;1643020;-16,32;-43,72;1981;11;23;70,20;
;1444005;-14,28;-44,41;1981;12;1;47,60;
;1445000;-14,84;-45,17;1981;12;27;55,20;
;1641002;-16,43;-41,01;1981;12;30;60,30;
;1641001;-16,57;-41,50;1982;1;5;48,00;
;1242015;-12,00;-42,63;1982;1;7;44,60;
;1643020;-16,32;-43,72;1982;1;16;87,40;
;1444005;-14,28;-44,41;1982;1;21;68,60;
;1241017;-12,50;-41,30;1982;2;18;51,10;
;1243011;-12,18;-43,22;1982;2;23;60,40;
;1545002;-15,50;-45,39;1982;2;27;82,00;
;1444003;-14,75;-44,41;1982;3;8;69,50;
;1545002;-15,50;-45,39;1982;3;24;56,00;
;1545002;-15,50;-45,39;1982;3;28;91,00;
;1640000;-16,14;-40,29;1982;12;4;97,00;
;1240016;-12,76;-40,21;1982;12;25;55,30;
;1641001;-16,57;-41,50;1983;1;1;79,30;
;1444000;-14,31;-44,46;1983;1;5;113,60;
;1642007;-16,68;-42,49;1983;1;15;63,10;
;1444001;-14,43;-44,48;1983;1;21;93,00;
;1545002;-15,50;-45,39;1983;1;25;43,00;
;1545002;-15,50;-45,39;1983;1;27;115,00;
;1545002;-15,50;-45,39;1983;2;3;70,00;
;1242015;-12,00;-42,63;1983;2;7;81,40;
;1545002;-15,50;-45,39;1983;2;13;112,40;
;1445000;-14,84;-45,17;1983;3;2;68,80;
;1642007;-16,68;-42,49;1983;3;16;60,10;
;1642007;-16,68;-42,49;1983;3;26;99,60;
;1240012;-12,99;-40,96;1983;3;30;44,00;
;1641002;-16,43;-41,01;1983;11;5;56,20;
;1243011;-12,18;-43,22;1983;11;11;71,40;
;1242015;-12,00;-42,63;1983;11;15;140,00;
;1641002;-16,43;-41,01;1983;11;18;73,00;
;1444001;-14,43;-44,48;1983;11;24;64,20;
;1241008;-12,80;-41,33;1983;12;1;106,50;
;1241008;-12,80;-41,33;1983;12;3;77,30;
;1641002;-16,43;-41,01;1983;12;5;135,10;
;1544019;-15,93;-44,00;1983;12;27;85,20;
;1545002;-15,50;-45,39;1984;1;8;51,00;
;1243011;-12,18;-43,22;1984;1;20;52,20;
;1445000;-14,84;-45,17;1984;1;24;47,20;
;1542016;-15,64;-42,94;1984;3;5;50,40;
;1543002;-15,34;-43,68;1984;3;9;58,80;
;1444000;-14,31;-44,46;1984;3;14;59,20;
;1640000;-16,14;-40,29;1984;3;23;71,20;
;1444005;-14,28;-44,41;1984;3;26;70,20;
;1543002;-15,34;-43,68;1984;11;15;53,20;
;1241032;-12,77;-41,54;1984;11;29;149,00;
;1641002;-16,43;-41,01;1984;12;10;41,40;
;1544019;-15,93;-44,00;1984;12;13;60,30;
;1243019;-12,77;-43,96;1984;12;23;107,00;
;1642007;-16,68;-42,49;1985;1;3;85,40;
;1642007;-16,68;-42,49;1985;1;11;110,20;
;1544017;-15,60;-44,39;1985;1;13;100,20;
;1242015;-12,00;-42,63;1985;1;18;65,60;
;1240012;-12,99;-40,96;1985;1;20;73,80;
;1241008;-12,80;-41,33;1985;1;24;100,10;
;1544030;-15,70;-44,03;1985;1;27;110,50;
;1243000;-12,87;-43,38;1985;1;31;91,30;
;1240016;-12,76;-40,21;1985;2;18;44,20;
;1241008;-12,80;-41,33;1985;2;22;49,40;
;1241032;-12,77;-41,54;1985;2;25;49,80;
;1643020;-16,32;-43,72;1985;3;13;59,80;
;1544018;-15,02;-44,05;1985;3;20;57,00;
;1241008;-12,80;-41,33;1985;3;29;71,80;
;1241032;-12,77;-41,54;1985;11;4;56,80;
;1443001;-14,76;-43,93;1985;11;8;61,30;
;1443001;-14,76;-43,93;1985;11;30;68,60;
;1640000;-16,14;-40,29;1985;12;2;91,60;
;1241008;-12,80;-41,33;1985;12;4;154,50;
;1640000;-16,14;-40,29;1985;12;18;56,00;
;1241033;-13,01;-41,37;1985;12;24;91,60;
;1643020;-16,32;-43,72;1985;12;28;84,00;
;1444004;-14,27;-44,16;1986;1;4;129,10;
;1444005;-14,28;-44,41;1986;1;8;104,80;
;1241033;-13,01;-41,37;1986;1;17;73,70;
;1243000;-12,87;-43,38;1986;1;30;60,60;
;1242016;-12,25;-42,76;1986;2;13;60,00;
;1544019;-15,93;-44,00;1986;3;2;59,30;
;1243000;-12,87;-43,38;1986;11;11;44,00;
;1240012;-12,99;-40,96;1986;11;17;51,50;
;1241008;-12,80;-41,33;1986;11;30;98,20;
;1641002;-16,43;-41,01;1986;12;10;45,20;
;1444003;-14,75;-44,41;1986;12;12;42,30;
;1643020;-16,32;-43,72;1986;12;14;48,20;
;1242015;-12,00;-42,63;1986;12;24;44,80;
;1243019;-12,77;-43,96;1986;12;27;69,60;
;1543002;-15,34;-43,68;1987;1;1;59,20;
;1544030;-15,70;-44,03;1987;1;20;60,30;
;1544017;-15,60;-44,39;1987;3;7;110,40;
;1241008;-12,80;-41,33;1987;3;9;54,00;
;1243019;-12,77;-43,96;1987;3;13;116,10;
;1445000;-14,84;-45,17;1987;3;21;43,40;
;1243019;-12,77;-43,96;1987;3;25;70,30;
;1241008;-12,80;-41,33;1987;3;31;62,40;
;1241017;-12,50;-41,30;1987;11;2;50,00;
;1242016;-12,25;-42,76;1987;11;10;45,50;
;1444005;-14,28;-44,41;1987;11;12;57,40;
;1544017;-15,60;-44,39;1987;11;17;48,70;
;1241008;-12,80;-41,33;1987;11;20;79,90;
;1641002;-16,43;-41,01;1987;11;25;63,10;
;1243000;-12,87;-43,38;1987;11;30;100,80;
;1444005;-14,28;-44,41;1987;12;3;80,00;
;1241032;-12,77;-41,54;1987;12;5;54,70;
;1544030;-15,70;-44,03;1987;12;8;50,50;
;1444004;-14,27;-44,16;1987;12;11;58,30;
;1543013;-15,78;-43,28;1987;12;18;49,80;
;1542016;-15,64;-42,94;1987;12;23;100,00;
;1241033;-13,01;-41,37;1987;12;27;48,30;
;1241008;-12,80;-41,33;1988;1;11;86,10;
;1543013;-15,78;-43,28;1988;2;6;50,00;
;1444005;-14,28;-44,41;1988;2;9;70,80;
;1544030;-15,70;-44,03;1988;2;12;48,00;
;1641002;-16,43;-41,01;1988;3;7;102,20;
;1240012;-12,99;-40,96;1988;3;9;116,00;
;1241033;-13,01;-41,37;1988;3;12;111,00;
;1444005;-14,28;-44,41;1988;3;15;90,00;
;1242015;-12,00;-42,63;1988;11;5;104,30;
;1444001;-14,43;-44,48;1988;11;27;67,00;
;1241001;-12,93;-41,07;1988;11;29;73,00;
;1444003;-14,75;-44,41;1988;12;4;107,10;
;1544017;-15,60;-44,39;1988;12;14;90,20;
;1243019;-12,77;-43,96;1988;12;17;100,10;
;1445000;-14,84;-45,17;1989;1;4;53,20;
;1444001;-14,43;-44,48;1989;2;7;43,80;
;1444000;-14,31;-44,46;1989;2;10;43,00;
;1242016;-12,25;-42,76;1989;2;24;47,50;
;1643020;-16,32;-43,72;1989;3;7;85,20;
;1243000;-12,87;-43,38;1989;3;9;79,40;
;1643020;-16,32;-43,72;1989;11;5;109,40;
;1544030;-15,70;-44,03;1989;11;13;55,00;
;1243011;-12,18;-43,22;1989;11;15;109,80;
;1241017;-12,50;-41,30;1989;11;28;61,00;
;1544018;-15,02;-44,05;1989;12;1;73,00;
;1544017;-15,60;-44,39;1989;12;3;101,20;
;1543013;-15,78;-43,28;1989;12;7;96,40;
;1444000;-14,31;-44,46;1989;12;13;96,60;
;1544019;-15,93;-44,00;1989;12;17;120,20;
;1240012;-12,99;-40,96;1989;12;23;94,00;
;1444001;-14,43;-44,48;1989;12;25;125,00;
;1445000;-14,84;-45,17;1990;1;4;56,20;
;1242016;-12,25;-42,76;1990;2;14;73,30;
;1241001;-12,93;-41,07;1990;2;20;66,20;
;1641001;-16,57;-41,50;1990;2;24;64,20;
;1242015;-12,00;-42,63;1990;3;23;45,30;
;1641002;-16,43;-41,01;1990;3;31;47,30;
;1641001;-16,57;-41,50;1990;11;4;45,10;
;1445000;-14,84;-45,17;1990;11;12;42,80;
;1241033;-13,01;-41,37;1990;11;17;57,50;
;1543002;-15,34;-43,68;1990;11;22;52,70;
;1445000;-14,84;-45,17;1990;11;27;53,20;
;1444000;-14,31;-44,46;1990;12;8;79,20;
;1643020;-16,32;-43,72;1990;12;10;60,40;
;1641002;-16,43;-41,01;1990;12;21;44,20;
;1444001;-14,43;-44,48;1990;12;23;56,00;
;1543013;-15,78;-43,28;1990;12;28;57,30;
;1643020;-16,32;-43,72;1990;12;30;92,00;
;1544019;-15,93;-44,00;1991;1;6;60,30;
;1443001;-14,76;-43,93;1991;1;8;88,60;
;1544017;-15,60;-44,39;1991;1;15;70,20;
;1241032;-12,77;-41,54;1991;1;24;106,10;
;1544030;-15,70;-44,03;1991;1;29;94,20;
;1242015;-12,00;-42,63;1991;2;4;41,90;
;1445000;-14,84;-45,17;1991;2;7;90,00;
;1544030;-15,70;-44,03;1991;2;9;43,50;
;1544019;-15,93;-44,00;1991;2;15;63,30;
;1640000;-16,14;-40,29;1991;2;22;48,00;
;1543013;-15,78;-43,28;1991;2;27;42,00;
;1544018;-15,02;-44,05;1991;3;15;89,00;
;1241008;-12,80;-41,33;1991;3;17;96,50;
;1243019;-12,77;-43,96;1991;3;19;107,90;
;1642007;-16,68;-42,49;1991;3;23;56,20;
;1241028;-12,02;-41,05;1991;11;4;58,60;
;1242016;-12,25;-42,76;1991;11;12;105,70;
;1444005;-14,28;-44,41;1991;11;17;68,40;
;1241032;-12,77;-41,54;1991;11;19;44,50;
;1241008;-12,80;-41,33;1991;11;23;165,40;
;1241027;-12,06;-41,35;1991;12;2;100,80;
;1444005;-14,28;-44,41;1991;12;5;79,40;
;1444001;-14,43;-44,48;1991;12;11;62,00;
;1243000;-12,87;-43,38;1991;12;19;55,40;
;1445000;-14,84;-45,17;1991;12;30;49,40;
;1241027;-12,06;-41,35;1992;1;10;103,10;
;1642007;-16,68;-42,49;1992;1;13;79,10;
;1240012;-12,99;-40,96;1992;1;16;66,00;
;1543013;-15,78;-43,28;1992;1;20;74,00;
;1241001;-12,93;-41,07;1992;1;25;196,20;
;1240016;-12,76;-40,21;1992;1;28;142,50;
;1239007;-12,59;-39,52;1992;1;30;130,80;
;1544019;-15,93;-44,00;1992;2;1;80,10;
;1643020;-16,32;-43,72;1992;2;5;73,40;
;1241008;-12,80;-41,33;1992;2;8;98,30;
;1243011;-12,18;-43,22;1992;11;4;58,50;
;1544019;-15,93;-44,00;1992;11;6;113,20;
;1240012;-12,99;-40,96;1992;11;19;47,40;
;1545002;-15,50;-45,39;1992;11;28;60,00;
;1241028;-12,02;-41,05;1992;11;30;43,50;
;1544018;-15,02;-44,05;1992;12;5;65,00;
;1545002;-15,50;-45,39;1992;12;10;73,80;
;1241026;-12,50;-41,21;1992;12;15;73,50;
;1544019;-15,93;-44,00;1992;12;21;50,20;
;1642007;-16,68;-42,49;1992;12;23;60,30;
;1444001;-14,43;-44,48;1992;12;28;70,00;
;1241033;-13,01;-41,37;1993;1;7;48,00;
;1545002;-15,50;-45,39;1993;1;22;52,70;
;1241001;-12,93;-41,07;1993;2;3;54,70;
;1243019;-12,77;-43,96;1993;2;13;64,30;
;1643020;-16,32;-43,72;1993;11;1;47,80;
;1444004;-14,27;-44,16;1993;11;22;41,50;
;1544019;-15,93;-44,00;1993;11;24;48,10;
;1543002;-15,34;-43,68;1993;12;11;49,00;
;1240012;-12,99;-40,96;1993;12;14;88,00;
;1641002;-16,43;-41,01;1993;12;18;60,30;
;1443001;-14,76;-43,93;1993;12;22;68,80;
;1543013;-15,78;-43,28;1994;1;6;49,00;
;1243019;-12,77;-43,96;1994;1;11;59,40;
;1241028;-12,02;-41,05;1994;1;16;77,30;
;1544019;-15,93;-44,00;1994;1;24;50,40;
;1243000;-12,87;-43,38;1994;1;27;43,00;
;1243000;-12,87;-43,38;1994;2;8;42,80;
;1643020;-16,32;-43,72;1994;2;24;52,20;
;1641002;-16,43;-41,01;1994;3;3;108,00;
;1545002;-15,50;-45,39;1994;3;5;104,00;
;1240016;-12,76;-40,21;1994;3;8;95,00;
;1544018;-15,02;-44,05;1994;3;11;85,00;
;1543002;-15,34;-43,68;1994;3;16;99,00;
;1242015;-12,00;-42,63;1994;3;18;66,00;
;1443001;-14,76;-43,93;1994;11;23;104,40;
;1443001;-14,76;-43,93;1994;11;28;59,80;
;1642007;-16,68;-42,49;1994;12;20;57,90;
;1643020;-16,32;-43,72;1994;12;22;42,00;
;1240012;-12,99;-40,96;1995;1;5;45,20;
;1642007;-16,68;-42,49;1995;1;22;42,30;
;1641002;-16,43;-41,01;1995;1;25;60,20;
;1444000;-14,31;-44,46;1995;2;1;57,00;
;1443001;-14,76;-43,93;1995;2;9;47,20;
;1243019;-12,77;-43,96;1995;2;12;56,10;
;1444005;-14,28;-44,41;1995;2;15;92,10;
;1243011;-12,18;-43,22;1995;2;20;87,70;
;1243019;-12,77;-43,96;1995;3;11;43,30;
;1243019;-12,77;-43,96;1995;3;15;75,00;
;1444000;-14,31;-44,46;1995;3;18;43,60;
;1243011;-12,18;-43,22;1995;3;25;55,30;
;1239007;-12,59;-39,52;1995;3;27;89,00;
;1243019;-12,77;-43,96;1995;3;31;98,20;
;1243019;-12,77;-43,96;1995;11;19;62,00;
;1241001;-12,93;-41,07;1995;11;21;56,20;
;1243019;-12,77;-43,96;1995;11;24;60,10;
;1243019;-12,77;-43,96;1995;11;27;95,10;
;1243019;-12,77;-43,96;1995;11;30;62,30;
;1641001;-16,57;-41,50;1995;12;6;95,00;
;1243000;-12,87;-43,38;1995;12;10;73,40;
;1642007;-16,68;-42,49;1995;12;12;47,20;
;1240012;-12,99;-40,96;1995;12;15;100,50;
;1243019;-12,77;-43,96;1995;12;24;75,00;
;1243019;-12,77;-43,96;1995;12;27;75,00;
;1242015;-12,00;-42,63;1996;1;20;47,90;
;1242016;-12,25;-42,76;1996;3;9;44,60;
;1241028;-12,02;-41,05;1996;11;12;67,80;
;1241033;-13,01;-41,37;1996;11;19;79,30;
;1640000;-16,14;-40,29;1996;11;23;53,80;
;1640000;-16,14;-40,29;1996;11;25;110,60;
;1243019;-12,77;-43,96;1996;11;27;48,80;
;1241032;-12,77;-41,54;1996;12;10;47,40;
;1444001;-14,43;-44,48;1996;12;25;42,20;
;1242016;-12,25;-42,76;1996;12;27;45,60;
;1242016;-12,25;-42,76;1996;12;29;48,00;
;1240016;-12,76;-40,21;1997;1;3;69,00;
;1642007;-16,68;-42,49;1997;1;7;132,10;
;1243019;-12,77;-43,96;1997;1;14;58,20;
;1239007;-12,59;-39,52;1997;1;19;89,00;
;1241008;-12,80;-41,33;1997;1;24;44,80;
;1241008;-12,80;-41,33;1997;1;26;84,80;
;1241032;-12,77;-41,54;1997;2;16;50,20;
;1240012;-12,99;-40,96;1997;2;21;59,00;
;1243000;-12,87;-43,38;1997;3;1;66,30;
;1241026;-12,50;-41,21;1997;3;4;146,50;
;1241017;-12,50;-41,30;1997;3;8;45,60;
;1641001;-16,57;-41,50;1997;3;17;98,90;
;1241026;-12,50;-41,21;1997;3;22;88,50;
;1239007;-12,59;-39,52;1997;3;24;94,00;
;1241001;-12,93;-41,07;1997;3;27;56,20;
;1241017;-12,50;-41,30;1997;3;30;63,30;
;1243011;-12,18;-43,22;1997;12;1;56,60;
;1241032;-12,77;-41,54;1997;12;3;52,70;
;1642007;-16,68;-42,49;1997;12;17;66,30;
;1640000;-16,14;-40,29;1998;1;8;44,00;
;1243000;-12,87;-43,38;1998;1;11;56,20;
;1241026;-12,50;-41,21;1998;1;19;48,80;
;1641002;-16,43;-41,01;1998;1;22;45,30;
;1443001;-14,76;-43,93;1998;1;24;42,60;
;1243011;-12,18;-43,22;1998;2;13;43,30;
;1241008;-12,80;-41,33;1998;2;16;58,60;
;1241027;-12,06;-41,35;1998;2;18;110,70;
;1641001;-16,57;-41,50;1998;3;16;59,10;
;1243019;-12,77;-43,96;1998;11;3;79,20;
;1241033;-13,01;-41,37;1998;11;13;77,50;
;1243000;-12,87;-43,38;1998;11;16;53,50;
;1241008;-12,80;-41,33;1998;11;24;118,60;
;1241008;-12,80;-41,33;1998;11;26;101,20;
;1241008;-12,80;-41,33;1998;12;3;102,10;
;1641001;-16,57;-41,50;1998;12;19;69,80;
;1641002;-16,43;-41,01;1998;12;21;45,30;
;1243000;-12,87;-43,38;1999;1;4;48,60;
;1241001;-12,93;-41,07;1999;1;11;51,20;
;1243019;-12,77;-43,96;1999;2;25;61,10;
;1641001;-16,57;-41,50;1999;3;4;54,00;
;1241032;-12,77;-41,54;1999;3;7;82,50;
;1241026;-12,50;-41,21;1999;3;19;73,40;
;1241017;-12,50;-41,30;1999;11;3;44,30;
;1241028;-12,02;-41,05;1999;11;16;87,30;
;1243000;-12,87;-43,38;1999;11;21;64,30;
;1640000;-16,14;-40,29;1999;11;24;153,20;
;1640000;-16,14;-40,29;1999;11;29;84,70;
;1241001;-12,93;-41,07;1999;12;16;42,50;
;1241033;-13,01;-41,37;1999;12;20;78,00;
;1241032;-12,77;-41,54;1999;12;24;65,30;
;1240012;-12,99;-40,96;1999;12;30;88,40;
;1241017;-12,50;-41,30;2000;1;13;42,50;
;1241028;-12,02;-41,05;2000;1;24;60,20;
;1241028;-12,02;-41,05;2000;2;19;47,80;
;1443001;-14,76;-43,93;2000;2;28;42,60;
;1241032;-12,77;-41,54;2000;3;9;53,50;
;1241008;-12,80;-41,33;2000;3;12;44,60;
;1241032;-12,77;-41,54;2000;3;29;44,90;
;1242015;-12,00;-42,63;2000;11;5;136,00;
;1241028;-12,02;-41,05;2000;11;9;149,30;
;1243019;-12,77;-43,96;2000;11;11;47,40;
;1243019;-12,77;-43,96;2000;11;14;47,90;
;1444001;-14,43;-44,48;2000;12;4;85,00;
;1444005;-14,28;-44,41;2000;12;7;125,00;
;1241008;-12,80;-41,33;2000;12;12;82,60;
;1241008;-12,80;-41,33;2000;12;14;91,30;
;1242015;-12,00;-42,63;2000;12;17;132,40;
;1241032;-12,77;-41,54;2000;12;20;54,40;
;1243000;-12,87;-43,38;2001;1;1;49,40;
;1242015;-12,00;-42,63;2001;3;12;53,90;
;1242015;-12,00;-42,63;2001;11;16;44,10;
;1241008;-12,80;-41,33;2001;11;30;77,00;
;1241001;-12,93;-41,07;2001;12;3;110,20;
;1240012;-12,99;-40,96;2002;1;1;60,50;
;1241026;-12,50;-41,21;2002;1;3;92,20;
;1241028;-12,02;-41,05;2002;1;8;100,70;
;1240012;-12,99;-40,96;2002;1;15;51,30;
;1240012;-12,99;-40,96;2002;1;18;121,20;
;1241008;-12,80;-41,33;2002;2;7;110,70;
;1241032;-12,77;-41,54;2002;2;12;118,30;
;1241028;-12,02;-41,05;2002;11;2;45,60;
;1241032;-12,77;-41,54;2002;11;4;43,80;
;1240016;-12,76;-40,21;2002;12;9;64,00;
;1243000;-12,87;-43,38;2002;12;24;45,00;
;1239007;-12,59;-39,52;2002;12;27;57,40;
;1240012;-12,99;-40,96;2002;12;29;70,90;
;1241032;-12,77;-41,54;2003;1;16;53,40;
;1241008;-12,80;-41,33;2003;1;22;62,00;
;1241032;-12,77;-41,54;2003;1;30;121,50;
;1241032;-12,77;-41,54;2003;3;24;60,10;
;1243011;-12,18;-43,22;2003;3;30;95,70;
;1241033;-13,01;-41,37;2003;11;4;90,00;
;1243019;-12,77;-43,96;2003;11;8;65,90;
;1243000;-12,87;-43,38;2003;12;23;41,80;
;1241001;-12,93;-41,07;2004;1;11;53,00;
;1242015;-12,00;-42,63;2004;1;14;100,50;
;1239007;-12,59;-39,52;2004;1;16;63,40;
;1243019;-12,77;-43,96;2004;1;18;145,00;
;1243000;-12,87;-43,38;2004;1;21;89,80;
;1241033;-13,01;-41,37;2004;1;31;65,80;
;1239007;-12,59;-39,52;2004;2;9;44,80;
;1242015;-12,00;-42,63;2004;2;17;62,00;
;1239007;-12,59;-39,52;2004;2;29;101,40;
;1241032;-12,77;-41,54;2004;3;2;58,40;
;1241017;-12,50;-41,30;2004;3;20;45,10;
;1243000;-12,87;-43,38;2004;3;24;63,40;
;1241001;-12,93;-41,07;2004;11;19;76,40;
;1241032;-12,77;-41,54;2004;11;21;119,80;
;1241017;-12,50;-41,30;2004;11;23;95,30;
;1243011;-12,18;-43,22;2004;11;30;48,90;
;1241026;-12,50;-41,21;2004;12;12;48,00;
;1243011;-12,18;-43,22;2004;12;15;50,20;
;1241008;-12,80;-41,33;2005;1;2;54,70;
;1241008;-12,80;-41,33;2005;1;15;87,80;
;1243011;-12,18;-43,22;2005;1;21;43,80;
;1242015;-12,00;-42,63;2005;1;27;55,20;
;1243019;-12,77;-43,96;2005;2;1;58,30;
;1241001;-12,93;-41,07;2005;2;12;62,50;
;1240012;-12,99;-40,96;2005;2;17;106,70;
;1241026;-12,50;-41,21;2005;2;22;56,40;
;1241008;-12,80;-41,33;2005;3;13;57,90;
;1241008;-12,80;-41,33;2005;3;28;58,60;
;1243011;-12,18;-43,22;2005;11;13;55,90;
;1241026;-12,50;-41,21;2005;11;16;62,50;
;1241026;-12,50;-41,21;2005;11;25;75,20;
;1241028;-12,02;-41,05;2005;11;29;75,00;
;1243011;-12,18;-43,22;2005;12;6;51,10;
;1243000;-12,87;-43,38;2005;12;9;134,80;
;1243011;-12,18;-43,22;2005;12;28;48,30;
;1243000;-12,87;-43,38;2005;12;30;45,00;
;1242016;-12,25;-42,76;2006;2;12;48,20;
;1243011;-12,18;-43,22;2006;2;19;63,20;
;1241026;-12,50;-41,21;2006;2;24;133,70;
;1241033;-13,01;-41,37;2006;3;8;87,30;
;1241008;-12,80;-41,33;2006;3;13;112,40;
;1241001;-12,93;-41,07;2006;3;31;58,50;
;1240012;-12,99;-40,96;2006;11;10;61,30;
;1240012;-12,99;-40,96;2006;11;13;154,10;
;1241028;-12,02;-41,05;2006;11;22;43,80;
;1242016;-12,25;-42,76;2006;12;10;49,50;
;1242015;-12,00;-42,63;2007;2;4;51,50;
;1241001;-12,93;-41,07;2007;2;14;100,50;
;1241027;-12,06;-41,35;2007;2;16;106,40;
;1239007;-12,59;-39,52;2007;2;18;125,60;
;1241032;-12,77;-41,54;2007;2;20;58,10;
;1242016;-12,25;-42,76;2007;2;22;47,80;
;1241017;-12,50;-41,30;2007;2;26;45,20;
;1243011;-12,18;-43,22;2007;12;2;65,60;
;1243000;-12,87;-43,38;2007;12;9;79,00;
;1241033;-13,01;-41,37;2007;12;18;60,30;
;1243019;-12,77;-43,96;2007;12;22;50,80;
;1243000;-12,87;-43,38;2008;1;10;63,50;
;1242016;-12,25;-42,76;2008;1;18;77,10;
;1243019;-12,77;-43,96;2008;1;23;54,50;
;1239007;-12,59;-39,52;2008;2;1;135,60;
;1240012;-12,99;-40,96;2008;2;28;113,60;
;1242015;-12,00;-42,63;2008;3;7;54,00;
;1241017;-12,50;-41,30;2008;3;29;146,30;
;1243019;-12,77;-43,96;2008;11;16;66,40;
;1240012;-12,99;-40,96;2008;11;20;64,40;
;1243000;-12,87;-43,38;2008;12;22;43,40;
;1243000;-12,87;-43,38;2008;12;24;61,20;
;1243019;-12,77;-43,96;2009;1;4;80,20;
;1240016;-12,76;-40,21;2009;2;23;47,50;
;1241008;-12,80;-41,33;2009;3;21;86,30;
;1242016;-12,25;-42,76;2009;3;25;47,50;
;1241008;-12,80;-41,33;2009;3;31;85,40;
;1242015;-12,00;-42,63;2009;12;5;47,40;
;1242015;-12,00;-42,63;2009;12;28;68,40;
;1243019;-12,77;-43,96;2010;1;9;47,20;
;1241008;-12,80;-41,33;2010;1;14;87,60;
;1242015;-12,00;-42,63;2010;1;20;43,50;
;1243000;-12,87;-43,38;2010;3;6;52,30;
;1241001;-12,93;-41,07;2010;3;9;54,20;
;1240016;-12,76;-40,21;2010;3;22;85,20;
;1243011;-12,18;-43,22;2010;11;17;52,10;
;1241017;-12,50;-41,30;2010;11;20;42,30;
;1241008;-12,80;-41,33;2010;11;29;46,60;
;1241032;-12,77;-41,54;2010;12;12;99,50;
;1239007;-12,59;-39,52;2011;1;12;56,70;
;1242016;-12,25;-42,76;2011;2;3;69,90;
;1243011;-12,18;-43,22;2011;2;27;50,90;
;1243011;-12,18;-43,22;2011;3;5;68,80;
;1242016;-12,25;-42,76;2011;3;8;67,00;
;1241017;-12,50;-41,30;2011;3;12;46,30;
;1241001;-12,93;-41,07;2011;3;18;99,50;
;1243011;-12,18;-43,22;2011;3;21;65,50;
;1241008;-12,80;-41,33;2011;3;28;43,90;
;1243011;-12,18;-43,22;2011;3;30;54,70;
;1241027;-12,06;-41,35;2011;11;10;56,70;
;1241008;-12,80;-41,33;2011;11;24;100,40;
;1243019;-12,77;-43,96;2011;11;26;63,50;
;1243019;-12,77;-43,96;2011;12;1;54,00;
;1243000;-12,87;-43,38;2011;12;3;97,20;
;1241033;-13,01;-41,37;2011;12;14;82,60;
;1243000;-12,87;-43,38;2011;12;18;48,00;